-67131.604, -501.985, 19495.388, 0.9
-37737.604, -458.376, 11923.155, 0.851
-50408.004, -472.69, 15534.149, 0.916
-51588.004, -478.436, 16305.902, 0.91
-67120.404, -501.901, 19492.999, 0.9
-41773.804, -455.057, 13223.595, 0.9
-66904.004, -499.799, 19455.197, 0.902
-67077.104, -501.633, 19456.449, 0.905
-52488.804, -487.078, 16612.01, 0.911
-67189.404, -499.472, 19279.916, 0.916
-66578.204, -503.199, 19337.451, 0.912
-37687.904, -458.541, 11957.652, 0.85
-53177.904, -466.402, 16384.6, 0.916
-66723.504, -501.52, 19440.726, 0.898
-52307.604, -476.674, 16577.33, 0.911
-52220.304, -497.724, 16569.808, 0.909
-51697.504, -490.126, 16473.891, 0.909
-41909.804, -466.358, 13297.878, 0.901
-49309.604, -488.853, 15803.206, 0.907
-51783.904, -496.983, 16495.716, 0.908
-48785.604, -471.78, 15574.661, 0.911
-52990.804, -481.64, 16902.737, 0.902
-52047.904, -499.202, 16585.38, 0.907
-51440.204, -479.696, 16344.609, 0.911
-41781.304, -454.444, 13224.652, 0.9
-37748.004, -458.223, 11997.687, 0.851
-43782.204, -455.509, 13978.573, 0.905
-66722.304, -489.795, 19213.604, 0.915
-67036.904, -497.201, 19384.428, 0.909
-52333.904, -476.966, 16573.33, 0.913
-52884.504, -474.09, 16616.393, 0.912
-65103.304, -498.877, 19169.495, 0.903
-43781.904, -457.924, 13984.211, 0.905
-44299.504, -473.538, 14083.314, 0.908
-52088.504, -465.833, 16454.213, 0.91
-54734.704, -466.166, 16676.515, 0.917
-42123.204, -467.952, 13472.714, 0.901
-39327.104, -465.369, 12702.564, 0.883
-49904.304, -462.076, 15684.965, 0.912
-43734.904, -463.409, 13954.094, 0.905
-44252.504, -460.07, 14207.983, 0.906
-64246.704, -497.715, 19030.64, 0.9
-39513.804, -467.423, 12777.667, 0.884
-41682.704, -461.905, 13284.68, 0.9
-41856.504, -469.666, 13452.323, 0.901
-53685.204, -471.439, 16423.381, 0.917
-38416.604, -458.263, 12194.07, 0.86
-40277.404, -466.981, 13003.772, 0.889
-46883.704, -476.731, 14608.569, 0.914
-45601.604, -459.746, 14423.344, 0.91
-44298.204, -473.261, 14047.39, 0.908
-39797.804, -462.07, 12815.322, 0.885
-37775.804, -465.528, 12006.475, 0.851
-50253.204, -467.13, 15972.586, 0.911
-61257.804, -463.438, 17738.256, 0.916
-39878.304, -464.001, 12940.025, 0.886
-61077.504, -480.748, 18169.033, 0.919
-48955.804, -468.708, 15458.501, 0.912
-38002.404, -460.389, 12096.473, 0.857
-61637.704, -485.396, 18380.723, 0.918
-39193.604, -461.432, 12486.289, 0.874
-44331.104, -469.076, 14081.324, 0.908
-41667.104, -471.504, 13442.875, 0.901
-38237.504, -461.818, 12109.834, 0.857
-45583.804, -470.085, 14522.343, 0.91
-66551.504, -492.915, 19321.057, 0.911
-54224.004, -493.088, 16996.903, 0.902
-41918.304, -471.409, 13563.679, 0.903
-40952.504, -474.067, 13036.601, 0.896
-46622.504, -467.225, 14576.399, 0.913
-41157.304, -467.452, 12952.442, 0.898
-50163.404, -481.075, 15975.17, 0.91
-43771.104, -457.738, 13854.683, 0.906
-66672.804, -510.42, 19270.071, 0.915
-37469.104, -466.963, 12101.598, 0.841
-56847.204, -477.144, 17334.51, 0.916
-65155.204, -496.115, 19159.775, 0.914
-40032.204, -460.834, 12577.716, 0.884
-41892.904, -464.308, 13230.448, 0.903
-41175.204, -473.253, 12962.189, 0.898
-66971.604, -502.077, 19498.856, 0.9
-37808.204, -468.663, 12140.613, 0.845
-64951.104, -492.47, 18964.961, 0.918
-53921.004, -472.394, 16428.679, 0.918
-38836.204, -470.121, 12286.664, 0.87
-41375.604, -467.44, 13019.743, 0.899
-38288.204, -458.895, 12050.307, 0.857
-66530.304, -499.614, 19394.909, 0.9
-37390.304, -471.913, 12147.282, 0.839
-55581.404, -474.985, 17082.739, 0.915
-40208.104, -462.23, 12723.255, 0.889
-51814.904, -470.031, 16514.005, 0.912
-52401.404, -473.601, 16569.209, 0.912
-39644.304, -461.558, 12614.652, 0.883
-38422.504, -460.668, 12232.859, 0.865
-39184.904, -462.082, 12664.468, 0.877
-37438.304, -472.808, 12253.781, 0.832
-47339.604, -469.136, 14976.417, 0.913
-63047.204, -481.775, 18696.928, 0.918
-59585.704, -482.017, 17850.852, 0.918
-58915.704, -483.212, 17747.115, 0.919
-61097.904, -484.539, 18280.041, 0.918
-54330.104, -483.257, 16890.638, 0.907
-38636.304, -473.067, 12611.432, 0.869
-37801.004, -461.646, 12102.997, 0.848
-61648.304, -480.113, 18271.705, 0.92
-66554.804, -511.986, 19267.183, 0.915
-56824.104, -473.79, 17491.097, 0.915
-54668.204, -473.935, 16956.156, 0.915
-44774.304, -477.295, 14362.416, 0.91
-55579.804, -474.65, 17081.547, 0.915
-39526.804, -461.517, 12522.121, 0.88
-59544.604, -482.375, 17825.385, 0.918
-56335.404, -481.353, 17113.476, 0.917
-51824.804, -468.089, 16181.976, 0.914
-53614.604, -469.748, 16572.581, 0.916
-44925.604, -460.697, 14220.135, 0.909
-55651.604, -476.282, 17153.417, 0.915
-47660.904, -468.097, 14975.354, 0.913
-61229.604, -480.54, 18206.988, 0.92
-63018.304, -479.892, 18678.183, 0.919
-40059.104, -477.076, 13083.167, 0.882
-39126.904, -472.627, 12747.332, 0.874
-62558.904, -484.185, 18656.437, 0.912
-40162.304, -472.729, 13015.287, 0.888
-42663.304, -459.4, 13594.573, 0.905
-61452.704, -478.96, 18553.606, 0.916
-43747.304, -458.662, 13848.162, 0.906
-45180.604, -459.583, 14300.058, 0.91
-56363.004, -469.081, 17144.516, 0.914
-67047.604, -490.563, 19264.872, 0.914
-37380.304, -471.377, 12177.325, 0.837
-45450.904, -458.769, 14435.804, 0.909
-61677.804, -484.663, 18339.022, 0.919
-62558.904, -485.261, 18649.538, 0.914
-38610.504, -458.526, 12131.533, 0.867
-37826.604, -463.641, 12278.602, 0.849
-40170.604, -471.916, 13026.111, 0.885
-53600.804, -466.367, 16562.552, 0.916
-66145.604, -496.22, 19230.348, 0.913
-43173.004, -455.217, 13167.763, 0.906
-54063.704, -472.696, 16839.604, 0.915
-60664.104, -478.658, 18247.652, 0.917
-39944.204, -452.756, 12788.952, 0.882
-51086.304, -465.66, 15890.24, 0.915
-60280.504, -484.385, 18231.886, 0.918
-62519.204, -480.251, 18494.843, 0.917
-63307.404, -488.985, 18826.559, 0.919
-61034.304, -477.132, 18481.71, 0.914
-54478.204, -474.684, 16863.772, 0.915
-57235.604, -478.634, 17540.767, 0.915
-59463.304, -472.79, 17700.619, 0.918
-42995.304, -451.644, 13154.82, 0.906
-38716.404, -472.844, 12594.849, 0.864
-41437.504, -452.604, 13102.507, 0.896
-54716.404, -469.548, 16938.993, 0.915
-60803.004, -469.082, 17922.846, 0.914
-53005.604, -486.648, 16411.451, 0.917
-59512.604, -483.786, 18027.51, 0.917
-51395.304, -466.209, 16122.007, 0.915
-45122.104, -459.15, 14346.412, 0.909
-60015.304, -472.419, 17799.087, 0.918
-54194.504, -466.642, 16682.035, 0.917
-53607.104, -468.567, 16609.409, 0.914
-37379.304, -470.674, 12176.253, 0.837
-41926.904, -463.883, 13439.161, 0.901
-52171.304, -465.404, 16239.506, 0.912
-51639.804, -472.472, 16366.858, 0.912
-44991.304, -459.956, 14341.65, 0.907
-66876.104, -502.218, 19427.329, 0.904
-64100.304, -476.207, 18732.087, 0.917
-55483.904, -485.131, 16974.593, 0.916
-51876.704, -467.316, 15489.339, 0.919
-55920.104, -474.328, 17165.64, 0.915
-39394.004, -471.816, 12740.744, 0.877
-53601.204, -467.349, 16574.689, 0.915
-41003.804, -479.261, 13242.6, 0.887
-65235.904, -482.073, 19138.845, 0.909
-42821.804, -449.228, 13492.334, 0.905
-67060.804, -493.553, 19258.373, 0.915
-62531.404, -479.736, 18474.539, 0.918
-38569.004, -459.733, 12188.569, 0.868
-39516.404, -470.739, 12824.076, 0.874
-63307.404, -488.757, 18825.346, 0.919
-54496.404, -469.734, 16935.084, 0.916
-54055.704, -482.087, 16656.491, 0.918
-47820.304, -468.756, 15309.242, 0.911
-40734.704, -458.145, 13110.269, 0.89
-59984.504, -472.684, 17788.307, 0.918
-51416.404, -462.289, 15899.688, 0.918
-41232.404, -470.181, 13301.953, 0.889
-44944.904, -462.005, 14444.889, 0.909
-45424.404, -466.895, 14477.287, 0.907
-55122.204, -472.385, 17147.405, 0.914
-59497.204, -471.123, 17752.614, 0.917
-62521.304, -471.651, 18305.513, 0.918
-42158.204, -463.029, 13099.241, 0.905
-44734.204, -454.973, 14036.369, 0.91
-45477.304, -463.819, 14635.721, 0.909
-59951.204, -478.02, 18048.278, 0.916
-66136.704, -492.812, 19152.169, 0.912
-47214.604, -467.32, 15124.741, 0.909
-40201.104, -470.302, 12952.369, 0.889
-49782.704, -477.407, 15746.573, 0.913
-46471.804, -459.857, 14976.893, 0.909
-57315.804, -478.454, 17576.435, 0.915
-62967.304, -488.26, 18741.043, 0.919
-39621.104, -465.323, 12713.089, 0.877
-58350.404, -472.956, 17061.114, 0.919
-50416.604, -466.766, 15972.842, 0.915
-44955.304, -459.532, 14281.257, 0.908
-43855.504, -475.159, 14207.493, 0.903
-37367.204, -469.773, 12183.923, 0.835
-59689.504, -471.181, 17708.402, 0.918
-45805.604, -460.985, 14638.019, 0.909
-38259.004, -462.275, 12132.884, 0.86
-56075.904, -470.812, 17051.643, 0.912
-63920.304, -476.112, 18740.669, 0.916
-44903.804, -478.693, 14443.461, 0.906
-50340.904, -465.235, 15890.119, 0.912
-40691.304, -469.709, 13068.805, 0.893
-56321.604, -466.176, 17079.976, 0.918
-38372.204, -471.158, 12580.791, 0.863
-40180.504, -468.625, 12993.244, 0.887
-52050.604, -464.078, 16170.458, 0.912
-37367.104, -470.354, 12180.847, 0.835
-46008.104, -462.509, 14740.815, 0.909
-49738.504, -467.927, 15666.306, 0.911
-45297.604, -468.537, 14451.252, 0.908
-64953.604, -475.26, 18842.553, 0.915
-39148.904, -460.171, 12462.817, 0.877
-58608.804, -481.825, 17713.192, 0.918
-47284.604, -466.784, 15132.967, 0.909
-63077.004, -487.465, 18524.286, 0.92
-41891.204, -471.965, 13476.527, 0.9
-56007.704, -474.307, 17110.21, 0.915
-46991.904, -460.179, 14782.638, 0.91
-38855.204, -474.261, 12762.243, 0.872
-65131.904, -494.673, 19205.416, 0.91
-40156.904, -461.073, 12683.861, 0.888
-56729.904, -468.7, 17188.691, 0.918
-38037.004, -471.103, 12497.948, 0.861
-44195.304, -475.151, 14291.636, 0.904
-46399.004, -460.953, 14904.63, 0.909
-37363.804, -471.443, 12185.327, 0.838
-44197.504, -472.119, 14285.058, 0.905
-54940.004, -472.175, 16511.367, 0.919
-57396.604, -474.355, 17345.271, 0.918
-64880.704, -483.406, 18917.063, 0.918
-62956.604, -488.282, 18486.636, 0.92
-55693.804, -462.32, 16471.63, 0.915
-46643.304, -458.036, 14764.504, 0.91
-42702.904, -476.804, 13963.275, 0.901
-39580.404, -473.679, 13016.63, 0.873
-64453.104, -476.787, 18833.69, 0.917
-56932.604, -470.849, 17528.35, 0.915
-44289.904, -480.915, 14319.186, 0.907
-42141.304, -460.428, 13369.652, 0.902
-38503.304, -457.576, 12537.891, 0.866
-61896.104, -476.177, 18421.369, 0.915
-43609.604, -453.098, 13758.085, 0.906
-38232.004, -460.255, 11978.242, 0.859
-45797.904, -463.288, 14658.219, 0.909
-61178.204, -471.171, 17997.671, 0.916
-62454.304, -476.819, 18559.897, 0.916
-40237.404, -461.734, 12710.325, 0.888
-38713.204, -457.744, 12562.194, 0.868
-42791.804, -450.682, 13471.619, 0.905
-56959.304, -482.548, 17544.744, 0.914
-38230.204, -460.897, 11982.412, 0.859
-67070.204, -495.93, 19265.748, 0.916
-43516.304, -454.833, 13632.428, 0.905
-47806.604, -466.964, 14683.199, 0.916
-63802.704, -480.549, 18770.405, 0.918
-39696.504, -460.568, 12531.994, 0.882
-55466.404, -467.073, 17016.663, 0.915
-46067.904, -463.698, 14261.237, 0.914
-40501.004, -468.72, 12852.304, 0.89
-62276.104, -477.359, 18550.673, 0.916
-49807.804, -462.658, 15556.75, 0.912
-41085.904, -467.275, 13217.005, 0.896
-56932.304, -471.438, 17528.483, 0.915
-65689.204, -493.202, 19202.337, 0.916
-48531.304, -457.741, 15217.197, 0.911
-38176.504, -470.931, 12200.712, 0.86
-63037.404, -485.737, 18717.84, 0.917
-63880.804, -487.234, 18835.938, 0.919
-38416.004, -466.14, 12613.893, 0.86
-40835.904, -447.221, 13009.393, 0.891
-59992.904, -481.214, 18017.571, 0.918
-54616.304, -467.094, 16769.116, 0.914
-58886.504, -476.667, 18010.132, 0.915
-47966.504, -461.858, 15165.918, 0.911
-60994.404, -475.887, 18396.07, 0.916
-62890.704, -479.662, 18547.738, 0.918
-42950.304, -463.128, 13534.812, 0.907
-57498.804, -475.484, 16902.864, 0.919
-46988.304, -477.095, 14838.835, 0.912
-37817.604, -459.666, 11930.526, 0.852
-64376.604, -476.749, 18947.644, 0.914
-45415.604, -460.727, 14447.309, 0.91
-49086.804, -472.619, 15331.081, 0.914
-62861.904, -477.797, 18537.1, 0.918
-59969.004, -475.641, 18096.047, 0.916
-60798.504, -484.052, 18233.579, 0.918
-64475.404, -496.409, 19089.271, 0.913
-45512.104, -462.782, 14383.477, 0.911
-38375.404, -466.376, 12391.346, 0.861
-52416.804, -471.522, 16034.238, 0.916
-66179.304, -493.002, 19144.828, 0.914
-43124.904, -459.51, 13911.323, 0.905
-46449.704, -463.529, 14926.78, 0.91
-51061.904, -474.956, 16146.682, 0.912
-49492.404, -464.878, 15758.023, 0.909
-66870.204, -501.455, 19488.813, 0.902
-56276.304, -480.742, 17343.439, 0.915
-64346.404, -475.286, 18832.663, 0.917
-63388.204, -477.748, 18653.624, 0.918
-65499.804, -500.615, 19226.952, 0.901
-52844.904, -464.198, 16417.344, 0.915
-45820.104, -462.722, 14888.134, 0.909
-57726.804, -479.542, 17710.225, 0.917
-50716.804, -471.513, 15666.168, 0.917
-48105.804, -465.726, 14735.199, 0.914
-43674.304, -448.194, 13762.738, 0.906
-38937.304, -472.329, 12481.701, 0.871
-38581.004, -469.754, 12447.07, 0.868
-52194.404, -457.074, 15903.731, 0.914
-46590.204, -476.651, 14783.54, 0.911
-64988.204, -487.411, 18846.027, 0.921
-55326.304, -467.951, 16940.643, 0.914
-58896.604, -475.469, 17990.414, 0.917
-62498.104, -481.706, 18591.26, 0.917
-50706.904, -471.928, 15669.801, 0.916
-47748.204, -462.19, 15187.231, 0.911
-53214.704, -466.807, 16449.553, 0.916
-62041.504, -479.082, 18607.039, 0.916
-42493.604, -462.645, 13144.468, 0.905
-64276.404, -475.845, 18790.501, 0.917
-57715.904, -481.213, 17712.3, 0.916
-40991.404, -447.125, 13023.243, 0.894
-42931.904, -472.709, 13404.75, 0.907
-66660.204, -489.391, 19270.549, 0.913
-46016.604, -466.615, 14722.807, 0.911
-65404.304, -482.288, 19171.058, 0.91
-58491.404, -477.454, 17993.481, 0.915
-62474.104, -486.682, 18577.052, 0.918
-59897.504, -477.819, 18196.67, 0.914
-48280.804, -458.383, 15022.918, 0.914
-43765.704, -463.83, 13657.997, 0.91
-39769.004, -456.178, 12629.982, 0.881
-39771.704, -461.925, 12621.158, 0.883
-54696.004, -467.024, 16902.153, 0.914
-42924.904, -473.351, 13407.624, 0.907
-47028.904, -457.51, 14826.422, 0.911
-62770.404, -472.393, 18325.381, 0.918
-55345.204, -466.054, 16928.562, 0.913
-59790.604, -475.838, 18151.286, 0.915
-38938.804, -473.018, 12481.898, 0.871
-61942.304, -472.487, 18374.67, 0.918
-58491.304, -477.58, 17993.133, 0.915
-53894.504, -477.88, 16662.707, 0.914
-46888.504, -457.47, 14777.876, 0.911
-56751.104, -475.51, 17589.116, 0.913
-41943.304, -462.06, 13034.91, 0.902
-64767.904, -473.572, 18771.819, 0.918
-58585.904, -476.434, 17958.902, 0.915
-47068.904, -457.044, 15013.962, 0.911
-65678.204, -499.896, 19272.111, 0.902
-40309.104, -454.675, 12865.558, 0.886
-58221.004, -477.537, 17963.347, 0.915
-66290.604, -513.08, 19211.339, 0.915
-63131.004, -482.746, 18720.976, 0.917
-47915.204, -458.881, 15163.302, 0.91
-46363.504, -457.686, 14606.173, 0.909
-46628.604, -470.17, 14880.117, 0.911
-45392.904, -452.652, 14420.019, 0.91
-64829.804, -483.509, 19049.004, 0.915
-38027.704, -460.182, 12022.16, 0.857
-38390.404, -462.449, 12426.201, 0.863
-57747.104, -482.637, 17724.991, 0.916
-42184.304, -450.077, 13563.473, 0.901
-66281.104, -509.389, 19214.066, 0.914
-40322.404, -467.357, 12741.148, 0.89
-63939.604, -477.546, 19002.125, 0.914
-58975.404, -474.177, 18008.152, 0.915
-60612.304, -482.064, 18318.997, 0.907
-41117.004, -469.987, 12966.701, 0.897
-42150.104, -448.646, 13503.958, 0.901
-64729.904, -479.448, 18958.176, 0.915
-66968.504, -500.967, 19489.858, 0.902
-47691.204, -468.169, 15253.518, 0.912
-43231.404, -470.045, 13665.333, 0.907
-54835.204, -474.914, 17044.278, 0.914
-41468.204, -460.657, 13278.546, 0.899
-40291.704, -446.091, 12855.422, 0.887
-39076.904, -459.986, 12475.887, 0.874
-58505.904, -467.83, 17591.761, 0.918
-59710.704, -494.831, 17996.452, 0.918
-56714.004, -476.093, 17683.076, 0.91
-45212.604, -452.43, 14406.418, 0.91
-48280.804, -458.75, 15035.141, 0.914
-37349.604, -471.565, 12220.803, 0.831
-47238.304, -461.685, 15050.282, 0.911
-45904.204, -452.913, 14565.732, 0.91
-56566.604, -470.029, 17305.337, 0.915
-57186.504, -467.084, 17332.968, 0.915
-38921.704, -463.107, 12573.206, 0.87
-39097.704, -459.583, 12436.022, 0.877
-66383.104, -495.204, 19237.353, 0.916
-48026.404, -462.675, 15208.887, 0.911
-46806.604, -462.456, 14974.582, 0.91
-58898.204, -474.229, 17948.975, 0.917
-45998.604, -460.213, 14629.922, 0.911
-62215.404, -471.83, 18245.373, 0.918
-57456.704, -478.176, 17843.069, 0.915
-54097.704, -467.278, 16699.396, 0.915
-56672.704, -465.102, 17284.49, 0.915
-41512.804, -453.766, 12944.808, 0.898
-44728.804, -469.607, 14336.854, 0.906
-45614.604, -462.196, 14296.86, 0.912
-38675.804, -467.155, 12492.656, 0.869
-60721.504, -481.743, 18318.255, 0.908
-63342.404, -481.921, 18878.555, 0.916
-58508.304, -475.047, 17892.822, 0.916
-41096.904, -468.987, 12948.022, 0.897
-54418.304, -467.869, 16804.448, 0.915
-58013.304, -475.583, 17763.524, 0.917
-40276.404, -449.309, 12838.716, 0.888
-59017.604, -487.901, 17892.593, 0.918
-59675.804, -486.403, 17940.364, 0.918
-60279.804, -473.652, 18199.916, 0.915
-37908.404, -464.863, 12221.353, 0.85
-43696.904, -467.461, 14151.148, 0.905
-53400.504, -468.264, 16789.32, 0.913
-55502.804, -466.629, 16971.077, 0.914
-46946.404, -467.693, 15114.403, 0.911
-41582.204, -447.647, 13279.949, 0.899
-56171.004, -473.844, 16687.234, 0.918
-46284.604, -459.221, 14762.135, 0.911
-40449.604, -456.433, 13164.992, 0.889
-48112.604, -461.607, 15028.015, 0.915
-41078.704, -468.416, 12908.312, 0.898
-39102.204, -457.251, 12455.705, 0.876
-58069.804, -474.835, 17779.791, 0.909
-66845.904, -496.585, 19418.092, 0.904
-54409.404, -476.398, 17044.789, 0.912
-59002.504, -480.272, 18129.055, 0.916
-45996.604, -463.415, 14638.881, 0.911
-47367.704, -473.435, 14442.033, 0.914
-49250.004, -470.169, 15586.154, 0.912
-44345.204, -462.809, 14169.912, 0.908
-37962.404, -458.115, 12053.856, 0.851
-62760.104, -470.138, 18312.301, 0.917
-41917.304, -451.918, 13390.527, 0.901
-53525.304, -477.651, 16538.521, 0.915
-46166.804, -463.833, 14701.853, 0.911
-39014.204, -458.415, 12329.496, 0.872
-56345.504, -477.904, 17462.119, 0.915
-39437.004, -473.227, 12752.545, 0.876
-64679.904, -474.631, 18742.565, 0.917
-52588.204, -457.822, 16556.817, 0.914
-44343.904, -463.16, 14165.232, 0.908
-65058.304, -473.868, 18832.223, 0.918
-48232.104, -462.249, 15276.141, 0.912
-37982.504, -458.138, 12062.92, 0.852
-63328.604, -481.09, 18870.385, 0.917
-65058.404, -488.826, 18966.539, 0.921
-64306.404, -499.621, 19059.823, 0.912
-59177.604, -479.235, 18161.215, 0.916
-59978.304, -488.692, 18104.935, 0.92
-39758.004, -473.664, 12999.548, 0.882
-62513.404, -470.906, 18225.181, 0.919
-65058.404, -488.826, 18966.539, 0.921
-50695.204, -461.452, 15886.051, 0.915
-53992.304, -482.031, 16825.798, 0.913
-56345.304, -478.12, 17460.94, 0.915
-62974.504, -498.322, 18871.422, 0.915
-60615.704, -484.931, 18359.819, 0.91
-40518.104, -464.218, 13207.966, 0.892
-63721.704, -482.372, 18894.476, 0.918
-54269.304, -468.348, 16779.981, 0.915
-63940.504, -489.38, 18701.649, 0.92
-56383.904, -486.165, 17480.488, 0.915
-58707.304, -478.225, 18098.768, 0.91
-56819.704, -489.526, 17562.374, 0.914
-41242.104, -463.857, 12995.32, 0.899
-63709.004, -480.461, 18933.526, 0.915
-41836.904, -462.186, 13460.201, 0.9
-62986.904, -498.673, 18890.136, 0.914
-54701.704, -473.695, 16960.968, 0.912
-52776.004, -474.197, 16747.124, 0.911
-49097.104, -458.262, 15517.594, 0.912
-60615.004, -485.604, 18359.686, 0.91
-49322.904, -472.567, 15699.404, 0.912
-62755.004, -483.156, 18774.864, 0.912
-42877.704, -464.903, 13889.197, 0.902
-44595.104, -471.835, 14425.279, 0.908
-58151.104, -496.244, 18021.389, 0.906
-59753.404, -468.15, 17764.557, 0.918
-50263.504, -465.031, 15827.947, 0.913
-58724.704, -476.153, 18085.789, 0.914
-37982.004, -460.346, 11949.48, 0.854
-53596.304, -469.482, 16458.068, 0.916
-41793.904, -474.839, 13509.941, 0.899
-57468.704, -475.096, 17950.153, 0.914
-55202.804, -465.627, 16924.594, 0.915
-60891.404, -476.852, 18221.601, 0.912
-39231.804, -462.639, 12611.323, 0.881
-60300.904, -492.215, 18366.029, 0.91
-41709.904, -468.127, 13327.784, 0.902
-47474.204, -472.249, 15134.912, 0.914
-50905.204, -460.364, 15889.96, 0.914
-41266.504, -465.804, 13033.705, 0.898
-49043.404, -469.033, 15464.491, 0.91
-55447.904, -480.251, 16997.813, 0.915
-58141.504, -497.972, 17985.745, 0.906
-43178.004, -464.196, 13948.219, 0.903
-59237.804, -474.835, 17352.047, 0.92
-58207.904, -466.95, 17507.214, 0.918
-54060.704, -474.091, 16756.122, 0.914
-49351.804, -471.677, 15693.205, 0.912
-44836.504, -461.012, 14154.592, 0.909
-66288.904, -497.986, 19337.386, 0.9
-56773.804, -480.128, 17685.679, 0.912
-47737.304, -469.986, 15493.296, 0.912
-50499.404, -474.429, 15980.946, 0.914
-51188.704, -466.73, 15926.571, 0.915
-47109.504, -476.142, 14919.814, 0.913
-45773.204, -468.728, 14691.531, 0.908
-60901.304, -476.478, 18219.008, 0.912
-39968.804, -460.761, 12557.638, 0.887
-61515.504, -489.355, 18365.606, 0.918
-67070.504, -492.838, 19265.531, 0.914
-49114.204, -474.066, 15629.914, 0.912
-55883.004, -465.273, 17018.704, 0.916
-65001.504, -483.382, 19130.138, 0.918
-48259.504, -472.648, 15265.901, 0.914
-50074.504, -464.566, 15815.505, 0.912
-65646.004, -492.221, 19097.045, 0.92
-49367.504, -472.772, 15705.577, 0.912
-47737.304, -469.982, 15491.708, 0.912
-41688.204, -479.818, 13682.703, 0.888
-45000.004, -476.995, 14467.978, 0.901
-42001.404, -468.946, 13369.015, 0.902
-54934.604, -474.904, 16673.549, 0.918
-57857.704, -467.835, 17502.193, 0.918
-62761.004, -482.776, 18707.73, 0.915
-43013.204, -472.851, 14044.609, 0.89
-62329.604, -484.323, 18734.902, 0.913
-57113.804, -480.588, 17770.0, 0.912
-54810.404, -474.772, 17391.028, 0.913
-39110.004, -464.132, 12553.216, 0.874
-60299.404, -492.578, 18363.357, 0.91
-64628.004, -474.329, 18693.633, 0.918
-48269.104, -471.118, 15567.636, 0.911
-41673.104, -452.614, 13316.962, 0.896
-66881.504, -505.726, 19248.284, 0.917
-47219.504, -455.132, 14934.857, 0.912
-61512.404, -485.566, 18293.303, 0.919
-39250.604, -466.718, 12624.851, 0.88
-43519.904, -467.812, 13889.111, 0.907
-46604.104, -481.462, 15079.788, 0.906
-57091.804, -465.009, 17279.376, 0.916
-43426.804, -473.681, 14010.77, 0.904
-40497.204, -454.565, 13069.826, 0.889
-56554.804, -479.656, 17472.998, 0.913
-61873.604, -494.344, 18514.56, 0.919
-59733.604, -468.086, 17796.96, 0.917
-59986.304, -461.948, 17684.193, 0.914
-43547.304, -467.808, 13702.097, 0.909
-64428.604, -501.102, 19061.635, 0.91
-41326.904, -480.234, 13474.697, 0.896
-49548.504, -475.517, 15529.496, 0.916
-53278.304, -473.645, 16647.516, 0.914
-44006.004, -475.492, 14236.657, 0.901
-40290.404, -446.056, 12855.248, 0.887
-57903.004, -466.633, 17157.147, 0.918
-50704.804, -474.755, 15990.508, 0.914
-52095.104, -470.563, 16408.708, 0.914
-44848.404, -476.754, 14443.261, 0.902
-60021.504, -477.088, 18308.069, 0.916
-40728.004, -465.6, 12991.946, 0.894
-49592.104, -473.463, 15661.321, 0.914
-39458.004, -470.373, 12810.643, 0.886
-65974.404, -474.276, 18926.1, 0.918
-62052.404, -485.721, 18366.941, 0.919
-37349.304, -473.041, 12221.101, 0.831
-38332.304, -463.261, 12271.304, 0.858
-51738.404, -481.972, 16310.498, 0.913
-55636.404, -483.777, 17028.053, 0.919
-61252.604, -476.85, 18309.755, 0.917
-40765.804, -460.012, 13194.775, 0.894
-40000.204, -470.351, 12966.73, 0.888
-54601.704, -478.899, 16618.375, 0.918
-49964.504, -464.532, 15744.695, 0.912
-40343.504, -461.428, 12739.405, 0.892
-43386.804, -476.148, 13724.538, 0.907
-45011.404, -460.737, 14222.616, 0.91
-55186.304, -480.996, 16863.608, 0.917
-61012.404, -472.818, 18146.782, 0.917
-60291.604, -473.357, 18136.795, 0.918
-56406.204, -468.166, 17090.939, 0.915
-48811.204, -470.027, 15630.501, 0.911
-66220.004, -501.511, 19324.566, 0.912
-37865.504, -484.858, 12292.714, 0.833
-50775.204, -460.126, 15842.595, 0.914
-46661.604, -463.658, 14178.083, 0.913
-48409.204, -468.117, 15455.625, 0.912
-38338.204, -464.842, 12270.912, 0.859
-63110.404, -472.486, 18601.8, 0.918
-43205.704, -469.763, 13744.905, 0.906
-53079.404, -468.368, 16388.136, 0.916
-49220.804, -471.41, 15108.207, 0.917
-61673.104, -486.442, 18642.546, 0.915
-51253.404, -471.721, 15453.811, 0.918
-48012.304, -467.612, 15140.101, 0.913
-55434.504, -481.147, 16970.786, 0.918
-64626.904, -473.686, 18690.54, 0.916
-40822.904, -455.039, 13062.968, 0.892
-40280.904, -446.557, 12854.942, 0.886
-46823.004, -464.492, 14363.743, 0.913
-50378.004, -455.138, 15646.269, 0.915
-43417.004, -445.003, 13575.954, 0.906
-50111.504, -479.897, 15587.887, 0.917
-52872.404, -468.325, 16344.161, 0.916
-38513.104, -457.517, 12161.015, 0.864
-56396.304, -468.809, 17088.438, 0.915
-43142.504, -456.152, 13709.929, 0.905
-66270.304, -500.554, 19333.095, 0.913
-48691.504, -471.444, 15250.428, 0.915
-45129.304, -466.438, 14141.052, 0.911
-66721.804, -476.108, 19105.593, 0.916
-48305.104, -460.227, 15448.402, 0.913
-57366.104, -472.609, 17676.144, 0.916
-62054.304, -472.935, 18449.879, 0.918
-49864.804, -459.743, 15513.296, 0.913
-38305.404, -481.562, 12504.543, 0.848
-44060.804, -455.323, 14043.772, 0.91
-41887.004, -465.759, 13467.168, 0.898
-41553.304, -455.727, 13440.039, 0.899
-38753.104, -457.476, 12182.371, 0.865
-61565.904, -472.912, 18150.999, 0.917
-56741.004, -479.364, 17475.613, 0.913
-59238.004, -475.592, 17356.026, 0.92
-64616.904, -473.725, 18690.914, 0.916
-42171.104, -457.354, 13596.079, 0.903
-52760.704, -468.426, 16332.504, 0.916
-66715.704, -491.943, 19348.28, 0.906
-47940.904, -478.127, 15446.248, 0.914
-42453.104, -468.581, 13760.901, 0.902
-43578.204, -444.863, 13637.361, 0.907
-47057.304, -464.879, 15102.214, 0.911
-47749.704, -454.638, 14961.878, 0.912
-57054.804, -482.094, 17623.634, 0.913
-60944.204, -466.1, 17823.346, 0.917
-59681.804, -497.543, 17872.099, 0.919
-45049.504, -459.003, 14235.294, 0.908
-41372.304, -454.894, 13134.213, 0.897
-53358.004, -470.835, 16683.673, 0.913
-43169.704, -475.902, 13963.398, 0.903
-49192.904, -458.161, 15234.203, 0.913
-48239.804, -471.612, 15154.354, 0.914
-42073.804, -468.363, 13536.819, 0.903
-55119.404, -462.126, 16710.098, 0.914
-58822.804, -465.235, 17607.964, 0.918
-51595.204, -475.612, 16102.086, 0.916
-60125.804, -486.372, 18064.25, 0.918
-45773.204, -459.997, 14451.916, 0.909
-48790.504, -458.377, 15268.409, 0.912
-64766.904, -493.102, 18887.425, 0.919
-37359.204, -476.369, 12346.592, 0.828
-49836.604, -457.598, 15161.289, 0.916
-42560.604, -473.188, 13331.775, 0.905
-52648.104, -471.22, 15763.297, 0.919
-40059.204, -470.604, 13129.37, 0.881
-49228.504, -460.589, 15556.676, 0.915
-56901.504, -463.702, 17067.993, 0.918
-37574.404, -458.523, 12022.526, 0.846
-43420.104, -476.592, 14061.097, 0.905
-57763.704, -476.155, 16845.258, 0.92
-39428.804, -459.005, 12694.477, 0.878
-59367.304, -477.207, 17564.569, 0.92
-66500.104, -489.225, 19184.793, 0.92
-41552.504, -456.605, 13135.934, 0.9
-53352.104, -472.012, 16679.39, 0.912
-51944.804, -478.511, 16418.373, 0.915
-60363.104, -468.511, 17903.788, 0.918
-53622.004, -464.964, 16023.808, 0.916
-38329.704, -460.383, 12222.004, 0.859
-53139.604, -482.965, 16824.95, 0.914
-58398.104, -490.091, 17264.012, 0.921
-42025.504, -457.005, 13232.629, 0.903
-47719.404, -454.323, 14948.384, 0.913
-47204.504, -455.296, 14759.334, 0.912
-61454.604, -468.332, 17892.225, 0.917
-44783.004, -458.235, 14126.346, 0.91
-49240.904, -472.857, 15759.751, 0.912
-43607.204, -465.426, 14090.894, 0.905
-37614.404, -460.186, 12039.958, 0.848
-61563.304, -481.213, 18482.426, 0.917
-63726.204, -477.717, 18798.806, 0.916
-47827.704, -461.909, 15031.482, 0.912
-50155.604, -479.397, 15884.55, 0.912
-50829.604, -455.503, 15764.061, 0.916
-58923.304, -478.23, 17203.161, 0.921
-39831.304, -460.615, 12746.751, 0.877
-38320.604, -473.182, 12523.81, 0.854
-49341.104, -462.96, 15616.247, 0.914
-64146.904, -491.858, 18903.643, 0.916
-61613.604, -472.886, 18343.389, 0.918
-41011.504, -467.382, 13230.314, 0.893
-55379.204, -468.492, 16518.039, 0.92
-45566.804, -448.838, 14298.072, 0.91
-65636.704, -495.304, 19102.601, 0.92
-38862.804, -461.246, 12397.645, 0.87
-44824.104, -457.301, 14091.941, 0.909
-40630.504, -471.889, 13247.937, 0.884
-43891.204, -453.764, 13772.988, 0.909
-53601.304, -486.644, 16602.688, 0.918
-53629.704, -496.326, 16620.302, 0.918
-46915.504, -462.688, 14732.593, 0.912
-64106.404, -493.603, 18751.357, 0.92
-50378.104, -455.165, 15650.808, 0.915
-39364.604, -473.509, 12828.276, 0.876
-65352.004, -495.764, 19194.364, 0.911
-42528.704, -457.88, 13032.76, 0.906
-56117.004, -482.143, 16973.508, 0.918
-42390.404, -456.897, 13656.328, 0.903
-54570.704, -470.788, 16275.014, 0.92
-51656.304, -475.892, 15739.827, 0.919
-64821.104, -487.725, 18939.797, 0.92
-62069.504, -481.636, 18357.142, 0.92
-43209.504, -460.081, 13427.197, 0.908
-64367.004, -478.642, 18776.707, 0.918
-49121.504, -469.146, 15342.087, 0.914
-39335.904, -475.35, 12841.274, 0.874
-63061.904, -492.753, 18959.667, 0.915
-66712.104, -478.376, 19168.503, 0.918
-53356.904, -469.497, 15936.616, 0.917
-65379.604, -479.961, 19025.274, 0.921
-57939.504, -474.159, 17323.965, 0.92
-50217.104, -491.335, 15860.727, 0.918
-40609.204, -454.551, 13032.354, 0.89
-38858.704, -465.382, 12420.835, 0.869
-51818.204, -487.647, 16498.434, 0.914
-42973.804, -458.63, 13488.158, 0.906
-52902.304, -484.395, 16672.677, 0.915
-52414.804, -479.018, 16173.869, 0.918
-63206.004, -492.238, 18954.859, 0.918
-37473.904, -471.591, 12134.608, 0.844
-40223.504, -460.582, 13009.165, 0.887
-37388.104, -483.195, 12356.974, 0.821
-43427.104, -444.117, 13542.873, 0.906
-43918.904, -464.507, 13781.404, 0.91
-61435.604, -466.032, 17805.716, 0.918
-58663.704, -485.873, 17148.642, 0.921
-50405.304, -475.744, 15640.956, 0.919
-62654.504, -470.854, 18354.48, 0.917
-38338.004, -465.509, 12368.602, 0.859
-61895.804, -472.632, 18301.428, 0.918
-43646.304, -465.807, 13881.058, 0.908
-52372.304, -494.905, 16461.298, 0.918
-67034.904, -498.467, 19298.347, 0.913
-53520.304, -461.581, 16338.434, 0.915
-47647.204, -463.265, 14702.543, 0.914
-48864.804, -485.925, 15550.687, 0.916
-39432.104, -473.307, 12969.53, 0.873
-51446.004, -463.455, 16022.857, 0.916
-38754.204, -473.008, 12682.723, 0.869
-40319.304, -471.762, 13213.285, 0.882
-46867.204, -467.69, 14777.331, 0.911
-52038.904, -469.9, 16031.399, 0.916
-61124.704, -476.501, 17505.635, 0.92
-47991.804, -462.352, 15202.781, 0.91
-66091.904, -475.945, 18996.628, 0.916
-43919.004, -463.334, 13781.654, 0.909
-63446.604, -478.444, 18647.402, 0.92
-62059.504, -481.636, 18356.171, 0.92
-50149.304, -459.403, 15674.837, 0.913
-64508.504, -480.612, 18799.972, 0.918
-64355.604, -486.394, 18681.51, 0.921
-38898.704, -464.648, 12424.62, 0.87
-60892.504, -485.62, 17723.338, 0.92
-42360.304, -455.78, 13615.027, 0.904
-55751.204, -482.217, 16996.977, 0.918
-57586.204, -486.907, 17600.937, 0.917
-39038.804, -466.653, 12456.685, 0.872
-41252.204, -460.763, 13265.056, 0.897
-54071.304, -466.761, 16570.728, 0.913
-49027.604, -468.13, 15327.876, 0.914
-44822.704, -457.359, 14092.29, 0.909
-60080.004, -476.218, 18028.72, 0.918
-66061.904, -475.948, 18982.773, 0.916
-51900.404, -480.418, 16399.094, 0.913
-51101.304, -472.419, 16262.993, 0.915
-56171.704, -488.871, 17217.074, 0.917
-38487.504, -472.176, 12705.355, 0.855
-56682.604, -483.151, 17269.383, 0.918
-58876.804, -473.713, 17278.248, 0.919
-63056.304, -478.292, 18484.338, 0.92
-45383.504, -475.821, 14565.672, 0.91
-58280.004, -466.388, 17476.639, 0.918
-50335.604, -466.468, 16070.351, 0.913
-43453.204, -464.277, 13676.743, 0.906
-60112.804, -477.283, 18052.32, 0.918
-50084.704, -467.036, 15822.658, 0.914
-38993.604, -472.362, 12844.109, 0.866
-66027.604, -472.245, 18872.95, 0.916
-41022.304, -459.117, 13054.392, 0.895
-49735.604, -460.642, 15046.095, 0.917
-49455.604, -486.427, 15953.385, 0.914
-43836.204, -481.254, 14064.674, 0.908
-64973.304, -492.063, 19138.357, 0.908
-42460.404, -456.818, 13664.455, 0.904
-52444.604, -475.914, 16202.373, 0.918
-67041.404, -493.59, 19315.45, 0.914
-46463.204, -453.596, 14717.996, 0.912
-51154.404, -463.795, 15069.097, 0.918
-44858.904, -465.85, 14439.455, 0.908
-64168.204, -490.363, 18720.62, 0.92
-39755.504, -460.861, 12915.996, 0.882
-59746.204, -475.733, 17971.175, 0.918
-57098.304, -479.737, 17351.924, 0.916
-55111.204, -462.898, 16805.744, 0.917
-55599.704, -485.208, 17198.953, 0.916
-52427.104, -469.928, 16233.569, 0.916
-64543.604, -484.216, 18690.883, 0.92
-65109.604, -477.949, 18864.206, 0.92
-42862.704, -469.878, 13752.105, 0.906
-39103.804, -472.12, 12898.382, 0.867
-44242.404, -456.852, 13888.467, 0.911
-57592.304, -469.452, 17694.339, 0.918
-60334.604, -473.961, 18058.813, 0.919
-46829.804, -465.599, 15032.574, 0.909
-51547.404, -464.665, 15901.332, 0.918
-52849.104, -473.512, 16017.061, 0.917
-61935.704, -482.007, 18351.119, 0.918
-43434.204, -470.526, 13959.235, 0.909
-39855.604, -459.652, 12965.326, 0.882
-45882.204, -459.299, 14514.627, 0.912
-66076.204, -478.305, 19053.327, 0.914
-55201.404, -463.038, 16825.734, 0.917
-52329.704, -478.315, 16245.707, 0.916
-56655.904, -471.949, 17252.993, 0.918
-59213.404, -471.003, 17953.496, 0.916
-45825.004, -460.8, 14206.337, 0.912
-42651.204, -458.664, 13524.278, 0.906
-43734.004, -452.391, 13586.142, 0.909
-44295.004, -455.53, 14161.424, 0.907
-43869.104, -457.822, 14001.683, 0.907
-61455.304, -474.364, 18378.854, 0.917
-41513.204, -457.683, 13233.211, 0.897
-65019.104, -478.011, 18831.187, 0.92
-42948.404, -457.337, 13863.867, 0.905
-46523.504, -455.741, 14759.793, 0.911
-65364.804, -482.6, 19030.219, 0.921
-54217.804, -462.703, 16736.683, 0.916
-39924.504, -463.913, 12804.092, 0.887
-63342.604, -474.271, 18754.386, 0.915
-40482.704, -461.229, 12674.775, 0.892
-41851.304, -464.86, 13261.771, 0.901
-59371.304, -470.762, 17948.717, 0.916
-52280.504, -468.016, 16430.607, 0.915
-54593.204, -479.177, 16728.095, 0.917
-56835.204, -464.521, 17228.329, 0.917
-54659.104, -470.474, 16220.934, 0.919
-55235.704, -466.748, 16836.971, 0.917
-62111.804, -469.411, 18218.758, 0.918
-48148.204, -482.481, 15485.456, 0.913
-58714.504, -484.768, 17177.297, 0.921
-38863.304, -454.432, 12279.499, 0.872
-66702.804, -500.248, 19434.281, 0.901
-56324.204, -469.098, 17398.939, 0.914
-50052.304, -464.397, 15793.368, 0.915
-39527.404, -457.551, 12436.761, 0.879
-63404.904, -488.565, 18655.343, 0.921
-63331.504, -491.015, 18549.743, 0.92
-41284.404, -476.548, 13352.466, 0.898
-53137.304, -474.682, 16361.438, 0.917
-55318.304, -470.567, 16944.335, 0.914
-52400.004, -477.739, 16264.638, 0.916
-52031.704, -481.593, 16081.129, 0.919
-38143.904, -469.9, 12162.547, 0.852
-44480.504, -459.865, 14218.169, 0.908
-66716.004, -509.327, 19377.368, 0.915
-42215.004, -453.399, 13384.445, 0.902
-42937.404, -458.397, 13849.345, 0.905
-57313.704, -468.316, 17294.943, 0.917
-47442.204, -466.98, 15152.537, 0.908
-44171.604, -469.912, 14269.005, 0.907
-43330.804, -458.406, 13615.28, 0.906
-38867.304, -451.917, 12315.89, 0.871
-50881.504, -488.856, 16184.11, 0.913
-66589.804, -503.003, 19336.56, 0.901
-47716.004, -467.614, 15082.808, 0.912
-44524.504, -464.505, 14175.601, 0.909
-65921.904, -477.87, 19052.857, 0.918
-45465.704, -468.873, 14272.543, 0.911
-57863.304, -480.839, 17624.583, 0.92
-45832.804, -453.92, 14597.034, 0.91
-53659.004, -478.938, 16629.005, 0.918
-58555.704, -475.792, 17424.151, 0.919
-52736.104, -474.999, 16375.844, 0.916
-51659.304, -490.557, 16049.166, 0.919
-50062.304, -464.386, 15793.371, 0.915
-61482.004, -471.212, 17944.734, 0.92
-65226.504, -483.314, 18996.493, 0.92
-59124.804, -486.722, 17272.901, 0.921
